-7.450000000000000000e+01 3.286098404046816412e+00
-7.400000000000000000e+01 -7.848410024159189646e+00
-7.350000000000000000e+01 -3.362186998171518582e+01
-7.300000000000000000e+01 -2.638569269980588317e+01
-7.250000000000000000e+01 1.313343303425111408e+01
-7.200000000000000000e+01 -2.337914991623560867e-01
-7.150000000000000000e+01 -1.800061569345097112e+01
-7.100000000000000000e+01 -4.401512609446599278e+00
-7.050000000000000000e+01 4.096134383231362364e-01
-7.000000000000000000e+01 2.790759553434303708e+00
-6.950000000000000000e+01 1.380378333057937823e+01
-6.900000000000000000e+01 1.492187048130822546e+01
-6.850000000000000000e+01 3.409919595037249707e+01
-6.800000000000000000e+01 2.474545046571555673e+01
-6.750000000000000000e+01 -2.394814439762398806e+01
-6.700000000000000000e+01 -1.023286525572476080e+02
-6.650000000000000000e+01 -1.403834796928275530e+01
-6.600000000000000000e+01 3.965696338388758591e+01
-6.550000000000000000e+01 1.003962345800412237e+01
-6.500000000000000000e+01 6.456284427761068478e+00
-6.450000000000000000e+01 2.738006896167071247e+01
-6.400000000000000000e+01 -2.332418325472360010e+01
-6.350000000000000000e+01 -1.685401834286408373e+01
-6.300000000000000000e+01 2.399033726156859458e+01
-6.250000000000000000e+01 3.016135096122419768e+01
-6.200000000000000000e+01 -1.085188905842349527e+01
-6.150000000000000000e+01 -1.325515306007346084e+01
-6.100000000000000000e+01 -6.722800444667279329e+00
-6.050000000000000000e+01 9.493312526470528923e+00
-6.000000000000000000e+01 -2.832712461325239062e+01
-5.950000000000000000e+01 -2.068333196853776457e+01
-5.900000000000000000e+01 3.979804832660740743e+01
-5.850000000000000000e+01 2.441123062929331766e+01
-5.800000000000000000e+01 -9.874650505905818720e-01
-5.750000000000000000e+01 -6.861020991552915227e+00
-5.700000000000000000e+01 -5.451289701159431011e+00
-5.650000000000000000e+01 -1.891075752881911853e+01
-5.600000000000000000e+01 -4.532895007939499976e+01
-5.550000000000000000e+01 1.478920525865704150e+01
-5.500000000000000000e+01 3.438973434191434819e+01
-5.450000000000000000e+01 -5.212512792095628233e-01
-5.400000000000000000e+01 -1.775120201563787248e+01
-5.350000000000000000e+01 -2.322042772711571956e+01
-5.300000000000000000e+01 1.720779249326362503e+01
-5.250000000000000000e+01 5.435221179728053187e+01
-5.200000000000000000e+01 1.701886872492374891e+01
-5.150000000000000000e+01 -1.061314282716849675e+02
-5.100000000000000000e+01 -7.777452776054839489e+01
-5.050000000000000000e+01 1.372222861737184729e+01
-5.000000000000000000e+01 6.937963213797595508e+00
-4.950000000000000000e+01 8.424773485315444788e+00
-4.900000000000000000e+01 3.713418107155996495e+01
-4.850000000000000000e+01 2.300026170291697625e+01
-4.800000000000000000e+01 -3.235292920768615232e+01
-4.750000000000000000e+01 -3.192550453595996629e+01
-4.700000000000000000e+01 2.406349776411679287e+01
-4.650000000000000000e+01 3.231839948391885287e+01
-4.600000000000000000e+01 -5.042032463749380966e+00
-4.550000000000000000e+01 -1.746775474029497843e+00
-4.500000000000000000e+01 -2.632684985582596937e+01
-4.450000000000000000e+01 -1.880275737570473638e+01
-4.400000000000000000e+01 6.600394865963434832e+00
-4.350000000000000000e+01 1.226204488279971194e+01
-4.300000000000000000e+01 3.547772527620290361e+01
-4.250000000000000000e+01 2.496268059671142225e+01
-4.200000000000000000e+01 4.339425992297051005e-02
-4.150000000000000000e+01 -3.443790629148796256e+01
-4.100000000000000000e+01 -5.582091397669273647e+01
-4.050000000000000000e+01 -6.118760169626953882e+01
-4.000000000000000000e+01 4.126684925173801588e+00
-3.950000000000000000e+01 5.748908140743176176e+01
-3.900000000000000000e+01 3.813516220489221098e+01
-3.850000000000000000e+01 -5.892917311263136115e-01
-3.800000000000000000e+01 1.542872518727921971e+01
-3.750000000000000000e+01 3.787298083582975039e-01
-3.700000000000000000e+01 -4.430762674487455399e+01
-3.650000000000000000e+01 -3.342593894242039454e+01
-3.600000000000000000e+01 4.885160153861273358e+01
-3.550000000000000000e+01 -3.128699972706635357e+00
-3.500000000000000000e+01 -2.124733469861604718e+01
-3.450000000000000000e+01 2.845165784833267875e+00
-3.400000000000000000e+01 -2.629770922310181280e+00
-3.350000000000000000e+01 -2.137965359783756725e+01
-3.300000000000000000e+01 -1.786727792423754835e+01
-3.250000000000000000e+01 3.412813260064648091e+01
-3.200000000000000000e+01 2.867838646477751041e+01
-3.150000000000000000e+01 -2.106808378549871907e+00
-3.100000000000000000e+01 -1.431406139590134607e+01
-3.050000000000000000e+01 -2.244412890135957994e+01
-3.000000000000000000e+01 -7.590571181390169286e+00
-2.950000000000000000e+01 -1.602451982996471713e+01
-2.900000000000000000e+01 -2.447704713796553477e+01
-2.850000000000000000e+01 -5.590537589887587977e+00
-2.800000000000000000e+01 6.601420068257482399e+00
-2.750000000000000000e+01 3.130455772351590937e+01
-2.700000000000000000e+01 3.514873496286951848e+01
-2.650000000000000000e+01 -2.341136517782963367e+01
-2.600000000000000000e+01 2.842203286541381857e+01
-2.550000000000000000e+01 1.179615777177086988e+00
-2.500000000000000000e+01 -2.716436421826859515e+01
-2.450000000000000000e+01 1.508327986765342743e+01
-2.400000000000000000e+01 -2.309149633155795911e+00
-2.350000000000000000e+01 -5.437870142557475361e+01
-2.300000000000000000e+01 -6.735756480322066864e+00
-2.250000000000000000e+01 2.875658616529124600e+01
-2.200000000000000000e+01 4.644380233881800990e+01
-2.150000000000000000e+01 1.657718214797577261e+01
-2.100000000000000000e+01 1.259841225291852673e+01
-2.050000000000000000e+01 1.482339580672701196e+01
-2.000000000000000000e+01 -2.130605001331561610e+01
-1.950000000000000000e+01 -8.807313595512123072e+01
-1.900000000000000000e+01 -6.432490265893484604e+01
-1.850000000000000000e+01 -7.411177501007530921e+00
-1.800000000000000000e+01 1.586209600882756554e+01
-1.750000000000000000e+01 3.300880321161508846e+01
-1.700000000000000000e+01 5.644747966276101181e+01
-1.650000000000000000e+01 7.259658042437219017e+00
-1.600000000000000000e+01 -4.279802149307364800e+01
-1.550000000000000000e+01 -2.736222453154800505e+01
-1.500000000000000000e+01 -2.314713857880643744e+01
-1.450000000000000000e+01 -3.747556652195064686e+01
-1.400000000000000000e+01 -2.888616807982559109e+01
-1.350000000000000000e+01 1.112367850783626722e+01
-1.300000000000000000e+01 -6.497235928565647800e-01
-1.250000000000000000e+01 4.631413038924298009e-01
-1.200000000000000000e+01 2.623071578497632927e+01
-1.150000000000000000e+01 1.645016774084402300e+01
-1.100000000000000000e+01 -2.376313244050662021e+01
-1.050000000000000000e+01 -2.290992157015509179e+00
-1.000000000000000000e+01 -6.198458512192522862e-01
-9.500000000000000000e+00 -1.328089461531972759e+01
-9.000000000000000000e+00 -3.091512488197278685e+01
-8.500000000000000000e+00 -2.983379154172320824e+01
-8.000000000000000000e+00 2.487807590387944146e+01
-7.500000000000000000e+00 1.416297957814552433e+01
-7.000000000000000000e+00 -2.197406287089701138e+01
-6.500000000000000000e+00 -4.599946755735560799e+01
-6.000000000000000000e+00 -5.111554453802792608e+01
-5.500000000000000000e+00 5.166568681137372465e+01
-5.000000000000000000e+00 5.510454554997603083e+01
-4.500000000000000000e+00 -5.434347254516998404e+00
-4.000000000000000000e+00 -2.115320908605371031e+01
-3.500000000000000000e+00 -1.009718254068827292e+01
-3.000000000000000000e+00 3.609027380603803792e+00
-2.500000000000000000e+00 1.701052172001416896e+00
-2.000000000000000000e+00 -4.927334445372117067e+00
-1.500000000000000000e+00 -3.071901725124975968e+01
-1.000000000000000000e+00 -5.935599842612145949e+01
-5.000000000000000000e-01 -2.735401334111347538e+01
0.000000000000000000e+00 6.337448200010175015e+01
5.000000000000000000e-01 3.519135583849629256e+01
1.000000000000000000e+00 -9.294373741418866075e+00
1.500000000000000000e+00 1.098430529853227888e+01
2.000000000000000000e+00 1.565193271260829633e+01
2.500000000000000000e+00 -5.633243671466508395e+00
3.000000000000000000e+00 -2.645020240131217903e+01
3.500000000000000000e+00 -4.562398801377862867e+01
4.000000000000000000e+00 2.102052896466022247e+01
4.500000000000000000e+00 5.063190308920216864e+01
5.000000000000000000e+00 -2.584834198710620257e+01
5.500000000000000000e+00 -5.475893782682682343e+01
6.000000000000000000e+00 -1.436038448980414550e+01
6.500000000000000000e+00 2.028723211524432912e+01
7.000000000000000000e+00 1.508637060030788213e+01
7.500000000000000000e+00 5.107242866727689012e+00
8.000000000000000000e+00 3.223838154906997211e+00
8.500000000000000000e+00 6.061886497888225200e+00
9.000000000000000000e+00 2.635115888512901350e+01
9.500000000000000000e+00 3.256499198730097788e+01
1.000000000000000000e+01 4.114503037396005425e+00
1.050000000000000000e+01 -5.048826311455460569e+01
1.100000000000000000e+01 -1.876123984629987973e+01
1.150000000000000000e+01 -1.642974668144313100e+01
1.200000000000000000e+01 -3.609651927530627802e+01
1.250000000000000000e+01 2.170318257497739722e+01
1.300000000000000000e+01 7.897993138969250992e+01
1.350000000000000000e+01 2.240599503609095322e+01
1.400000000000000000e+01 5.876857933358008879e+00
1.450000000000000000e+01 2.142747496316273814e+00
1.500000000000000000e+01 1.054458415045012032e-01
1.550000000000000000e+01 -3.922185134467663481e+00
1.600000000000000000e+01 -9.308500517984942491e+00
1.650000000000000000e+01 1.321863746209430879e+01
1.700000000000000000e+01 -1.580332447970509202e+00
1.750000000000000000e+01 -2.924208844707215960e+01
1.800000000000000000e+01 -7.525526803141156407e+00
1.850000000000000000e+01 1.445193387427815779e+01
1.900000000000000000e+01 3.059488988543320964e+00
1.950000000000000000e+01 2.626102852038306423e+01
2.000000000000000000e+01 4.680440874364066417e+01
2.050000000000000000e+01 5.216845868255461482e+01
2.100000000000000000e+01 -1.723221497949474212e+01
2.150000000000000000e+01 -7.094759981824363138e+01
2.200000000000000000e+01 -2.853000549879942938e+01
2.250000000000000000e+01 8.678789962014747061e+00
2.300000000000000000e+01 -3.093795497105799441e+01
2.350000000000000000e+01 -9.637280721856923194e+00
2.400000000000000000e+01 2.940680868975714546e+01
2.450000000000000000e+01 4.205337872024658452e+01
2.500000000000000000e+01 1.391066235493007319e+01
2.550000000000000000e+01 5.379964544761610235e+00
2.600000000000000000e+01 2.276030107255515489e+01
2.650000000000000000e+01 -1.142884724854629397e+01
2.700000000000000000e+01 -4.644010360548217875e+01
2.750000000000000000e+01 -5.415193921482428863e+01
2.800000000000000000e+01 -1.925114505486303784e+01
2.850000000000000000e+01 6.255054776102996783e+01
2.900000000000000000e+01 2.919022714184627887e+01
2.950000000000000000e+01 -2.010998055427852194e+01
3.000000000000000000e+01 -6.606935856253378425e+00
3.050000000000000000e+01 -1.918453159469293112e+01
3.100000000000000000e+01 1.222114359915831194e+01
3.150000000000000000e+01 3.715130399938777117e+01
3.200000000000000000e+01 -1.081761160353786799e+01
3.250000000000000000e+01 -1.190440878167554395e+01
3.300000000000000000e+01 1.170850555934116599e+01
3.350000000000000000e+01 1.247803903851417395e+01
3.400000000000000000e+01 -3.795338482548180181e+00
3.450000000000000000e+01 -4.608550660745606109e+01
3.500000000000000000e+01 -1.527308899316330049e+01
3.550000000000000000e+01 1.661130080589436986e+01
3.600000000000000000e+01 -4.029541109639276364e+00
3.650000000000000000e+01 -2.028591599674519586e+01
3.700000000000000000e+01 2.401251081453792580e+01
3.750000000000000000e+01 5.676466238692972155e+01
3.800000000000000000e+01 1.396127335575528683e+01
3.850000000000000000e+01 -4.588756057441882064e+01
3.900000000000000000e+01 -2.231096327545596480e+01
3.950000000000000000e+01 -2.782408648924913663e+01
4.000000000000000000e+01 -8.283091502046698196e+00
4.050000000000000000e+01 1.106800610881144120e+00
4.100000000000000000e+01 4.953733317092944510e+00
4.150000000000000000e+01 2.945136000408363941e+01
4.200000000000000000e+01 2.285818539147238226e+01
4.250000000000000000e+01 8.749848827542448859e+00
4.300000000000000000e+01 -5.847854228891602446e-01
4.350000000000000000e+01 -2.646937684773382315e+00
4.400000000000000000e+01 8.416804373536592720e+00
4.450000000000000000e+01 1.767157573636887591e+01
4.500000000000000000e+01 2.709354777258852209e+01
4.550000000000000000e+01 -4.568606403083090406e+00
4.600000000000000000e+01 -1.314202926483155132e+01
4.650000000000000000e+01 -1.190072122830458667e+01
4.700000000000000000e+01 -1.336832550446911583e+01
4.750000000000000000e+01 1.012089542106400408e+01
4.800000000000000000e+01 -3.413853655178878199e+01
4.850000000000000000e+01 7.763904065813834521e+00
4.900000000000000000e+01 3.170054045075928073e+01
4.950000000000000000e+01 -2.120697514313247112e+01
5.000000000000000000e+01 -1.182758824467291525e+01
5.050000000000000000e+01 7.245364432850898595e+01
5.100000000000000000e+01 5.457673456081904462e+00
5.150000000000000000e+01 -5.077219700956324999e+01
5.200000000000000000e+01 -6.335080795835430223e+01
5.250000000000000000e+01 -2.647146717293706075e+01
5.300000000000000000e+01 6.065533917068886183e+01
5.350000000000000000e+01 5.324181251271824777e+01
5.400000000000000000e+01 5.198743318090072840e+00
5.450000000000000000e+01 1.976991411390856435e+00
5.500000000000000000e+01 1.281074008748554860e+01
5.550000000000000000e+01 1.013982499763735490e+01
5.600000000000000000e+01 -4.700933032889801666e+01
5.650000000000000000e+01 -3.331071544934386708e+01
5.700000000000000000e+01 -9.842968458515917618e+00
5.750000000000000000e+01 2.459366962031735326e+01
5.800000000000000000e+01 1.231840533394795045e+01
5.850000000000000000e+01 -4.916064694069217644e+00
5.900000000000000000e+01 -8.047333475392887792e+00
5.950000000000000000e+01 2.994669718932863933e+00
6.000000000000000000e+01 5.456453377919783243e+00
6.050000000000000000e+01 3.116678093958246798e+00
6.100000000000000000e+01 1.022938760043120254e+01
6.150000000000000000e+01 5.198824408696188115e+00
6.200000000000000000e+01 6.206921060213063113e-01
6.250000000000000000e+01 1.190350700198605516e+01
6.300000000000000000e+01 -2.963747581954817889e+01
6.350000000000000000e+01 -1.261240418190246118e+02
6.400000000000000000e+01 -2.274190753309531132e+01
6.450000000000000000e+01 8.734951908640474016e+01
6.500000000000000000e+01 4.707485532753080548e+01
6.550000000000000000e+01 -3.155965223010828424e+01
6.600000000000000000e+01 -3.735288708712817396e+01
6.650000000000000000e+01 -1.202075734979493049e+01
6.700000000000000000e+01 1.817508658393820653e+01
6.750000000000000000e+01 1.240918315514711878e+01
6.800000000000000000e+01 -3.632932939080720303e+01
6.850000000000000000e+01 1.525099966627657899e+01
6.900000000000000000e+01 3.348691537029379361e+01
6.950000000000000000e+01 -4.897544082506004059e+01
7.000000000000000000e+01 -3.036274956354618837e+01
7.050000000000000000e+01 3.110611666463123726e+01
7.100000000000000000e+01 1.507464353634240695e+01
7.150000000000000000e+01 5.167912985226492673e+00
7.200000000000000000e+01 6.002621588238178596e+00
7.250000000000000000e+01 -6.481237996523515221e+01
7.300000000000000000e+01 -4.169144689391134762e+01
7.350000000000000000e+01 6.375178396096369227e+01
7.400000000000000000e+01 6.127031920385000063e+01
7.450000000000000000e+01 7.185781239444697377e+00
7.500000000000000000e+01 -5.441752620865362644e+01
7.550000000000000000e+01 -3.713227896815940454e+01
7.600000000000000000e+01 3.797878119879678849e+01
7.650000000000000000e+01 3.468319108582512023e+00
7.700000000000000000e+01 -4.673412416308367057e+01
7.750000000000000000e+01 -1.470120301468956292e+01
7.800000000000000000e+01 3.620342612751761635e+01
7.850000000000000000e+01 6.084445190448247587e+01
7.900000000000000000e+01 2.287067775557043348e+01
7.950000000000000000e+01 -2.723926436504576998e+01
8.000000000000000000e+01 -3.927303319490501821e+01
8.050000000000000000e+01 -5.646090575034215675e+01
8.100000000000000000e+01 -2.074261672731601003e-01
8.150000000000000000e+01 1.377845566211279760e+01
8.200000000000000000e+01 1.210251688499834621e+01
8.250000000000000000e+01 1.659221454439130738e+01
8.300000000000000000e+01 2.396130723655047490e+01
8.350000000000000000e+01 2.277510521268810706e+01
8.400000000000000000e+01 -1.614239755914802288e+01
8.450000000000000000e+01 -2.112244349046468628e+01
8.500000000000000000e+01 -4.446276934618698107e-01
8.550000000000000000e+01 1.958168249113908388e+01
8.600000000000000000e+01 1.316233596779269810e+01
8.650000000000000000e+01 -6.183209819134149576e+00
8.700000000000000000e+01 1.387127790958877505e+01
8.750000000000000000e+01 2.209616373915666898e+01
8.800000000000000000e+01 6.367227435621307663e+00
8.850000000000000000e+01 -2.041780559321735566e+01
8.900000000000000000e+01 -6.268871084303960828e+01
8.950000000000000000e+01 -6.061460404565338678e+01
9.000000000000000000e+01 5.776146909199768587e+00
9.050000000000000000e+01 4.728681568913128075e+01
9.100000000000000000e+01 5.505408650099425927e+01
9.150000000000000000e+01 4.041290103199730055e+01
9.200000000000000000e+01 2.485293500301612823e+01
9.250000000000000000e+01 1.966094835094098414e+01
9.300000000000000000e+01 -3.967306800383049392e+01
9.350000000000000000e+01 -8.377731255165228674e+01
9.400000000000000000e+01 -3.518145493306223415e+01
9.450000000000000000e+01 -4.984161469567627734e+00
9.500000000000000000e+01 1.090262725389088416e+01
9.550000000000000000e+01 1.298705126135362775e+01
9.600000000000000000e+01 2.009995273676586791e+01
9.650000000000000000e+01 2.337432906378333541e+01
9.700000000000000000e+01 7.690206318851895873e+00
9.750000000000000000e+01 1.915405235960447428e+01
9.800000000000000000e+01 5.954148349921092986e+00
9.850000000000000000e+01 3.845375176121024197e-02
9.900000000000000000e+01 1.851003070191988087e+01
9.950000000000000000e+01 8.740310935665190684e+00
1.000000000000000000e+02 -1.620410240655683154e+01
1.005000000000000000e+02 -2.296089052208714065e+01
1.010000000000000000e+02 -2.279760091656680743e+01
1.015000000000000000e+02 3.678114588771389748e+00
1.020000000000000000e+02 3.374089005985075573e+01
1.025000000000000000e+02 -3.817680202388969324e+00
1.030000000000000000e+02 -3.043484344433431232e+01
1.035000000000000000e+02 3.375625440212312611e+01
1.040000000000000000e+02 3.762572612965789887e+01
1.045000000000000000e+02 -1.041880959414781493e+01
1.050000000000000000e+02 -5.847552983151135209e+01
1.055000000000000000e+02 -2.574423025266550624e+01
1.060000000000000000e+02 1.705839032813476663e+01
1.065000000000000000e+02 8.452839734106134983e+00
1.070000000000000000e+02 -1.028960739067430374e+01
1.075000000000000000e+02 7.638522921952972666e+00
1.080000000000000000e+02 3.689903329985045133e+01
1.085000000000000000e+02 -5.017355495079286243e+01
1.090000000000000000e+02 -1.392285119021971980e+02
1.095000000000000000e+02 -3.766534744685585423e+01
1.100000000000000000e+02 2.657181167894217655e+00
1.105000000000000000e+02 2.944903757072520989e+01
1.110000000000000000e+02 5.315781556074059466e+01
1.115000000000000000e+02 3.275767450139056791e+00
1.120000000000000000e+02 -1.310697813743004936e+01
1.125000000000000000e+02 1.610897677248293647e+01
1.130000000000000000e+02 -9.501872612574869592e+00
1.135000000000000000e+02 -1.351478584546848971e+01
1.140000000000000000e+02 2.057934414508322973e+01
1.145000000000000000e+02 -2.294058166300929003e+01
1.150000000000000000e+02 -3.675029534622493088e+01
1.155000000000000000e+02 -3.365094818481820482e+01
1.160000000000000000e+02 -2.203369432125913718e+01
1.165000000000000000e+02 2.907104880160314764e+01
1.170000000000000000e+02 -6.195476977507079930e+00
1.175000000000000000e+02 -2.232494901968854606e+01
1.180000000000000000e+02 2.421859386035122697e+01
1.185000000000000000e+02 1.713537249596317480e+01
1.190000000000000000e+02 2.357117923027594486e+00
1.195000000000000000e+02 -2.262596320849751041e+00
1.200000000000000000e+02 -1.800941619098303192e+01
1.205000000000000000e+02 4.934158917863640248e-01
1.210000000000000000e+02 2.559331841311254507e+01
1.215000000000000000e+02 -2.843989236282697064e+01
1.220000000000000000e+02 -5.507468952413053387e+01
1.225000000000000000e+02 -3.142555930259413799e+01
1.230000000000000000e+02 1.045524783203573804e+01
1.235000000000000000e+02 3.708575118196620224e+01
1.240000000000000000e+02 3.123371432432833927e+01
1.245000000000000000e+02 -8.118220474536681053e+00
1.250000000000000000e+02 -8.816730902591910279e+00
1.255000000000000000e+02 1.805445609744029412e+01
1.260000000000000000e+02 5.882865566668269430e+00
1.265000000000000000e+02 -1.721357028541555323e+01
1.270000000000000000e+02 -2.674412034652412373e+01
1.275000000000000000e+02 3.316425058246489499e+01
1.280000000000000000e+02 4.800051592262242650e+01
1.285000000000000000e+02 -1.726783063955028652e+01
1.290000000000000000e+02 -2.081742683544607075e+01
1.295000000000000000e+02 -1.736251174039776402e+01
1.300000000000000000e+02 -2.422379881815607661e+01
1.305000000000000000e+02 -1.493909840261286703e+00
1.310000000000000000e+02 3.018675695013060434e+01
1.315000000000000000e+02 1.935342507813325952e+01
1.320000000000000000e+02 4.544763450486831502e+00
1.325000000000000000e+02 1.323290300615695436e+01
1.330000000000000000e+02 -1.990320116212720336e+01
1.335000000000000000e+02 1.180696426016214495e+00
1.340000000000000000e+02 2.242006023564081829e+01
1.345000000000000000e+02 2.109904821377457651e+01
1.350000000000000000e+02 5.826233678038650332e+00
1.355000000000000000e+02 4.269933578945887653e+00
1.360000000000000000e+02 3.166644045439752375e+01
1.365000000000000000e+02 -1.198704648142680718e+01
1.370000000000000000e+02 -2.235211852926479992e+01
1.375000000000000000e+02 -5.085157027815760955e-01
1.380000000000000000e+02 -3.732752405368777460e+01
1.385000000000000000e+02 -4.125789018651426687e+01
1.390000000000000000e+02 -5.180620886601341013e+00
1.395000000000000000e+02 4.327895758827165196e+01
1.400000000000000000e+02 4.851094825764634777e+01
1.405000000000000000e+02 2.337808822997420322e+01
1.410000000000000000e+02 3.985764637595999460e+01
1.415000000000000000e+02 2.066080830598456330e+01
1.420000000000000000e+02 -2.862147532330988398e+01
1.425000000000000000e+02 -2.301392900202167624e+01
1.430000000000000000e+02 -1.930703901096907060e+01
1.435000000000000000e+02 -1.919045639851273322e+01
1.440000000000000000e+02 -5.337063854576538091e+01
1.445000000000000000e+02 -6.729012304604880512e+01
1.450000000000000000e+02 3.318415947375306274e+01
1.455000000000000000e+02 8.856146878821208190e+01
1.460000000000000000e+02 4.493664942531044204e+01
1.465000000000000000e+02 -4.292905221868745969e+01
1.470000000000000000e+02 -1.405752924105682133e+01
1.475000000000000000e+02 2.977313610296491930e+01
1.480000000000000000e+02 2.066834643818792472e+01
1.485000000000000000e+02 -9.772869830883026410e+00
1.490000000000000000e+02 2.545777596477042160e+00
1.495000000000000000e+02 1.907498409255988037e+01
1.500000000000000000e+02 -5.197721904892393496e+01
1.505000000000000000e+02 -5.511604178343190341e+01
1.510000000000000000e+02 -6.807602461912307668e+00
1.515000000000000000e+02 -1.228987299836494529e+01
1.520000000000000000e+02 2.985869677443018588e+01
1.525000000000000000e+02 3.014269809668958544e+01
1.530000000000000000e+02 2.406842433414511362e+01
1.535000000000000000e+02 5.236944617382981448e+01
1.540000000000000000e+02 1.653204881513356028e+01
1.545000000000000000e+02 -5.520765671414077369e-01
1.550000000000000000e+02 -2.627504926662572071e+00
1.555000000000000000e+02 1.365167449287339885e+01
1.560000000000000000e+02 -3.856525198387483755e+01
1.565000000000000000e+02 -1.314742248483214553e+02
1.570000000000000000e+02 2.569464770633897999e+00
1.575000000000000000e+02 9.096763759165328622e+01
1.580000000000000000e+02 4.199753179207452547e+01
1.585000000000000000e+02 -1.263777332437557455e+01
1.590000000000000000e+02 2.479011646046324913e+01
1.595000000000000000e+02 2.940709608771396688e+01
1.600000000000000000e+02 -1.850229663617934506e+01
1.605000000000000000e+02 -4.468585300856543086e+01
1.610000000000000000e+02 -1.764965193273186017e+01
1.615000000000000000e+02 8.325207563838452174e+00
1.620000000000000000e+02 4.848712071220560915e+00
1.625000000000000000e+02 -3.543316819932559092e+00
1.630000000000000000e+02 -1.087176116996144160e+01
1.635000000000000000e+02 -1.936849789695386193e+01
1.640000000000000000e+02 -4.042605536807753808e+00
1.645000000000000000e+02 3.840587567829717841e+01
1.650000000000000000e+02 4.729361940616657023e+01
1.655000000000000000e+02 1.650863270397559290e+01
1.660000000000000000e+02 -5.432957196723737781e+01
1.665000000000000000e+02 -1.964635416810143624e+02
1.670000000000000000e+02 -1.053583905358532888e+02
1.675000000000000000e+02 1.787067380251500595e+02
1.680000000000000000e+02 4.877254280373701931e+02
1.685000000000000000e+02 -5.106444834824854695e+01
1.690000000000000000e+02 -6.233047618270190924e+02
1.695000000000000000e+02 -2.922292015326351589e+02
1.700000000000000000e+02 2.746805257402115217e+02
1.705000000000000000e+02 5.504250796612801651e+02
1.710000000000000000e+02 7.276212499316696949e+02
1.715000000000000000e+02 2.724436882207073722e+02
1.720000000000000000e+02 -8.003750247173868502e+02
1.725000000000000000e+02 -6.170041262758187486e+02
1.730000000000000000e+02 -2.736628145876589997e+02
1.735000000000000000e+02 3.505752991760623161e+01
1.740000000000000000e+02 6.802685410305575715e+02
1.745000000000000000e+02 6.808261743551846621e+02
1.750000000000000000e+02 6.036022252865423070e+02
1.755000000000000000e+02 3.157961762679505000e+02
1.760000000000000000e+02 -4.568362676362948491e+02
1.765000000000000000e+02 -7.222405607661387421e+02
1.770000000000000000e+02 -6.150578212623280479e+02
1.775000000000000000e+02 -1.803113091606148259e+02
1.780000000000000000e+02 2.348196673032840636e+02
1.785000000000000000e+02 5.072747130169886418e+02
1.790000000000000000e+02 6.057194376901492205e+02
1.795000000000000000e+02 4.771560983114700321e+02
1.800000000000000000e+02 2.947696259496407833e+02
1.805000000000000000e+02 3.535700058772623322e+01
1.810000000000000000e+02 -4.708151938920811403e+02
1.815000000000000000e+02 -5.377521503929767732e+02
1.820000000000000000e+02 -4.108399914885442286e+02
1.825000000000000000e+02 -1.077229040089830505e+02
1.830000000000000000e+02 1.212849985234504970e+02
1.835000000000000000e+02 1.403364543661918447e+02
1.840000000000000000e+02 2.405372193636885925e+02
1.845000000000000000e+02 3.714090724468283042e+02
1.850000000000000000e+02 2.449666006951775046e+02
1.855000000000000000e+02 9.695512497701706423e+01
1.860000000000000000e+02 -4.074897446335956630e+01
1.865000000000000000e+02 -1.873629676137874753e+02
1.870000000000000000e+02 -2.224890829377829107e+02
1.875000000000000000e+02 -2.972343386730502175e+02
1.880000000000000000e+02 -2.345924676389028321e+02
1.885000000000000000e+02 -6.103891415455557024e+00
1.890000000000000000e+02 1.032161589222800870e+02
1.895000000000000000e+02 6.698526469083874701e+01
1.900000000000000000e+02 1.393878201497616374e+02
1.905000000000000000e+02 1.465571331468617871e+02
1.910000000000000000e+02 1.582947069145579064e+02
1.915000000000000000e+02 2.372529682101478841e+02
1.920000000000000000e+02 5.175343713818383407e+01
1.925000000000000000e+02 -1.947509941658009893e+02
1.930000000000000000e+02 -2.487106995006886052e+02
1.935000000000000000e+02 -2.718015949947318859e+02
1.940000000000000000e+02 -2.279010590340963347e+02
1.945000000000000000e+02 -4.735899880524848271e+01
1.950000000000000000e+02 4.277236352378283613e+01
1.955000000000000000e+02 1.105860750494417317e+02
1.960000000000000000e+02 1.653990763514409821e+02
1.965000000000000000e+02 1.582676939470232753e+02
1.970000000000000000e+02 1.029537894711692587e+02
1.975000000000000000e+02 7.377940716532324927e+01
1.980000000000000000e+02 8.807785872358780921e+01
1.985000000000000000e+02 -4.464861468624032881e+00
1.990000000000000000e+02 -1.363177535363872153e+02
1.995000000000000000e+02 -1.698911065546609223e+02
2.000000000000000000e+02 -2.024577983834700774e+02
2.005000000000000000e+02 -1.228335491548934897e+02
2.010000000000000000e+02 -2.253421381054761241e+01
2.015000000000000000e+02 2.072420587128391745e+01
2.020000000000000000e+02 6.605574002806561396e+01
2.025000000000000000e+02 1.085710057319412272e+02
2.030000000000000000e+02 1.591358451585432761e+02
2.035000000000000000e+02 1.895939977080714414e+02
2.040000000000000000e+02 4.260060951061862511e+01
2.045000000000000000e+02 -1.523866059421789565e+01
2.050000000000000000e+02 -4.055169248903256118e+01
2.055000000000000000e+02 -1.167071989556091864e+02
2.060000000000000000e+02 -1.451068607927606138e+02
2.065000000000000000e+02 -6.640626651596284091e+01
2.070000000000000000e+02 -6.054198823225831205e+01
2.075000000000000000e+02 -5.371593107530593159e+01
2.080000000000000000e+02 3.061920772395945534e+01
2.085000000000000000e+02 2.142559809608851396e+01
2.090000000000000000e+02 3.601034269908378604e+01
2.095000000000000000e+02 4.860181857644433023e+01
2.100000000000000000e+02 2.132185911685812485e+01
2.105000000000000000e+02 2.720046569998834940e+01
2.110000000000000000e+02 4.313080549459746749e+01
2.115000000000000000e+02 5.731671294329626676e+01
2.120000000000000000e+02 6.402143282011306269e+01
2.125000000000000000e+02 1.467984152091129246e+01
2.130000000000000000e+02 -9.361620177829907163e+01
2.135000000000000000e+02 -2.263439394828661761e+02
2.140000000000000000e+02 -1.759265741165179122e+02
2.145000000000000000e+02 -1.196414986259140107e+02
2.150000000000000000e+02 -3.332702661916632536e+01
2.155000000000000000e+02 7.854758525091517640e+01
2.160000000000000000e+02 1.993090382688304771e+02
2.165000000000000000e+02 2.258881670756547067e+02
2.170000000000000000e+02 1.594454867065773556e+02
2.175000000000000000e+02 1.700836540459435398e+01
2.180000000000000000e+02 -5.225721895190809363e+01
2.185000000000000000e+02 -7.834522848868266465e+01
2.190000000000000000e+02 -7.668008350070574863e+01
2.195000000000000000e+02 -7.965636884936071738e+01
2.200000000000000000e+02 -1.801703522875563124e+02
2.205000000000000000e+02 -1.253762345978814636e+02
2.210000000000000000e+02 2.103568910210886855e+01
2.215000000000000000e+02 4.827812091170032005e+01
2.220000000000000000e+02 3.432449102007097252e+01
2.225000000000000000e+02 4.369703188235704516e+01
2.230000000000000000e+02 8.043793524900655711e+01
2.235000000000000000e+02 7.640590964410510821e+01
2.240000000000000000e+02 3.638691618409088591e+01
2.245000000000000000e+02 3.266777617757226437e+01
2.250000000000000000e+02 6.256003623078920661e+00
2.255000000000000000e+02 -2.003671641870510456e+01
2.260000000000000000e+02 -1.988304017163489945e+01
2.265000000000000000e+02 -7.522333143554055823e+01
2.270000000000000000e+02 -1.479072633738952618e+02
2.275000000000000000e+02 -6.725000590263826439e+01
2.280000000000000000e+02 -4.654178057620264042e+00
2.285000000000000000e+02 2.521945456030129407e+01
2.290000000000000000e+02 7.048754032122269564e+01
2.295000000000000000e+02 6.495898914637324140e+01
2.300000000000000000e+02 8.092285132525428537e+01
2.305000000000000000e+02 6.798320905907449685e+01
2.310000000000000000e+02 1.604025361669483019e+01
2.315000000000000000e+02 3.761897906223742183e+01
2.320000000000000000e+02 -6.637924445711231414e+00
2.325000000000000000e+02 -8.491871604587990419e+01
2.330000000000000000e+02 -1.769546189483721932e+01
2.335000000000000000e+02 -6.467129886784462656e+01
2.340000000000000000e+02 -1.070094722634676856e+02
2.345000000000000000e+02 4.528335025907081146e+00
2.350000000000000000e+02 2.174097837476797679e+01
2.355000000000000000e+02 1.722730309794938819e+01
2.360000000000000000e+02 4.380213428527293473e+01
2.365000000000000000e+02 6.659088367775916595e+01
2.370000000000000000e+02 8.703017812901418893e+01
2.375000000000000000e+02 5.114639907857090861e+01
2.380000000000000000e+02 -2.101112642230820882e+01
2.385000000000000000e+02 -4.580739641325671130e+00
2.390000000000000000e+02 4.264867776639466967e+01
2.395000000000000000e+02 6.244667543890114025e+00
2.400000000000000000e+02 -1.948627151638625321e+01
2.405000000000000000e+02 -1.199390471675179128e+02
2.410000000000000000e+02 -1.222074366022664691e+02
2.415000000000000000e+02 1.713229124913852175e+01
2.420000000000000000e+02 3.965899934543573835e+01
2.425000000000000000e+02 4.019682171652370783e+01
2.430000000000000000e+02 4.348467011607658605e+01
2.435000000000000000e+02 3.297331472057508250e+01
2.440000000000000000e+02 8.088012054621238178e+00
2.445000000000000000e+02 -3.722037634491653790e+01
2.450000000000000000e+02 -2.546658102476700947e+01
2.455000000000000000e+02 -1.472502683654701716e+00
2.460000000000000000e+02 -6.379541837861395059e+00
2.465000000000000000e+02 -9.452283066585751570e+00
2.470000000000000000e+02 -2.433526803005263162e+01
2.475000000000000000e+02 -2.588755282784050138e+01
2.480000000000000000e+02 -5.332786466759148425e+01
2.485000000000000000e+02 -3.288677485326484629e+01
2.490000000000000000e+02 -3.989505319112498949e+00
2.495000000000000000e+02 3.785539661533352529e+00
2.500000000000000000e+02 3.146328102063364796e+01
2.505000000000000000e+02 1.503982773138668350e+00
2.510000000000000000e+02 -7.410022882972482350e+00
2.515000000000000000e+02 2.129906747345619777e+01
2.520000000000000000e+02 2.876968651052239778e+01
2.525000000000000000e+02 1.446907591297727969e+01
2.530000000000000000e+02 -4.517834867705426660e+01
2.535000000000000000e+02 -6.007480245581975709e+01
2.540000000000000000e+02 -3.871114992519554932e+01
2.545000000000000000e+02 -1.314844339800390749e+01
2.550000000000000000e+02 2.177593750119447691e+01
2.555000000000000000e+02 3.175810079966765542e+01
2.560000000000000000e+02 -2.092426964392826161e+00
2.565000000000000000e+02 -2.217000635440070866e+01
2.570000000000000000e+02 -3.315106191904029487e+01
2.575000000000000000e+02 -2.407304236192269187e+00
2.580000000000000000e+02 4.740671999107102863e+01
2.585000000000000000e+02 2.438443501775388356e+01
2.590000000000000000e+02 -1.087839197229823895e+01
2.595000000000000000e+02 -2.725371875443408243e+01
2.600000000000000000e+02 -1.064319359116800001e+01
2.605000000000000000e+02 3.238617491578142449e+01
2.610000000000000000e+02 3.379868313966734661e+01
2.615000000000000000e+02 9.448120392143078305e+00
2.620000000000000000e+02 -2.014816868650433790e+01
2.625000000000000000e+02 -3.406209825790455170e+01
2.630000000000000000e+02 -3.068712336622374082e+01
2.635000000000000000e+02 -9.142435736452176798e+01
2.640000000000000000e+02 -2.402188501739178506e+01
2.645000000000000000e+02 6.656092069710338421e+01
2.650000000000000000e+02 5.583733596799591226e+01
2.655000000000000000e+02 3.479638597998489757e+01
2.660000000000000000e+02 -3.503076163894026251e+01
2.665000000000000000e+02 -5.033461405899944907e+01
2.670000000000000000e+02 3.474157667728871246e+01
2.675000000000000000e+02 3.777076890028311595e+01
2.680000000000000000e+02 6.689929033866742714e+01
2.685000000000000000e+02 3.993142830071911220e+01
2.690000000000000000e+02 -1.060943422024248548e+02
2.695000000000000000e+02 -6.127924728951590083e+01
2.700000000000000000e+02 -7.545352102604735478e+01
2.705000000000000000e+02 -3.166881162395156579e+01
2.710000000000000000e+02 5.813408819537293226e+01
2.715000000000000000e+02 2.974552964245404496e+00
2.720000000000000000e+02 7.549508997372254449e+00
2.725000000000000000e+02 6.210437408636670398e+01
2.730000000000000000e+02 5.136097008307937983e+01
2.735000000000000000e+02 1.619695670331866122e+00
2.740000000000000000e+02 -9.250606272050845291e+00
2.745000000000000000e+02 4.083073517138089414e+01
2.750000000000000000e+02 -2.323641561654244292e+00
2.755000000000000000e+02 -8.327498751909487851e+01
2.760000000000000000e+02 -5.359760710278730045e+01
2.765000000000000000e+02 6.205568518550178325e+00
2.770000000000000000e+02 -2.356091645148812308e+00
2.775000000000000000e+02 -1.086843337410487464e+01
2.780000000000000000e+02 1.618254735899359886e+01
2.785000000000000000e+02 4.488260935309934752e+01
2.790000000000000000e+02 3.113926857710783125e+01
2.795000000000000000e+02 3.736999024722843288e+00
2.800000000000000000e+02 -1.097920087686190271e+01
2.805000000000000000e+02 -3.878573724248091992e+00
2.810000000000000000e+02 3.267899297491575794e+01
2.815000000000000000e+02 1.037889767018375409e+01
2.820000000000000000e+02 -2.556440068051820447e+01
2.825000000000000000e+02 -1.607420698044288798e+01
2.830000000000000000e+02 4.885233969312714919e+00
2.835000000000000000e+02 -1.060514888885295326e+00
2.840000000000000000e+02 -3.789369190283674982e+01
2.845000000000000000e+02 -2.387957616157826735e+01
2.850000000000000000e+02 1.858246981545662990e+01
2.855000000000000000e+02 1.696511238131682120e+01
2.860000000000000000e+02 1.515841782628030110e+01
2.865000000000000000e+02 9.750101079062506670e+00
2.870000000000000000e+02 -4.449549936137257333e+01
2.875000000000000000e+02 6.220074686652782958e+00
2.880000000000000000e+02 6.600151525192939062e+01
2.885000000000000000e+02 3.932624926797004861e+01
2.890000000000000000e+02 -1.814548666401248411e+01
2.895000000000000000e+02 -9.973051406602431257e+01
2.900000000000000000e+02 -1.824787213266381514e+01
2.905000000000000000e+02 5.788623479412571271e+01
2.910000000000000000e+02 3.228354481202097226e+00
2.915000000000000000e+02 -3.084957122307705291e+01
2.920000000000000000e+02 5.215101124152671908e+00
2.925000000000000000e+02 1.874163961762652875e+01
2.930000000000000000e+02 3.389559204675581583e+01
2.935000000000000000e+02 -5.946620101038091910e+00
2.940000000000000000e+02 -1.337866698852819880e+01
2.945000000000000000e+02 2.240566119578730664e+01
2.950000000000000000e+02 1.754400313075849382e+01
2.955000000000000000e+02 7.811478803390451198e+00
2.960000000000000000e+02 1.122526076639131531e+01
2.965000000000000000e+02 -9.838686865843007112e+00
2.970000000000000000e+02 -4.521523114876665694e+00
2.975000000000000000e+02 1.405444826701248218e+01
2.980000000000000000e+02 4.044067024386865050e+00
2.985000000000000000e+02 -1.643749633202052962e+01
2.990000000000000000e+02 -2.644821816528750347e+01
2.995000000000000000e+02 -1.167491961845265536e+01
3.000000000000000000e+02 1.024542734952482803e+01
3.005000000000000000e+02 5.159579484040339992e+01
3.010000000000000000e+02 1.675943232086262569e+01
3.015000000000000000e+02 -1.844719696894741912e+00
3.020000000000000000e+02 9.119328140708068631e+00
3.025000000000000000e+02 -7.309126521512205876e+00
